2.0 1.0 2.0 3.0 1.0 2.0 5.0 150.5
10 1.0 2.0 3.0 1.0 2.0 5.0 150.5
20 1.0 2.0 3.0 1.0 2.0 5.0 -150.5
2.0 1.0 5.0 3.0 1.0 2.0 3.0 200
0.0 1.0 5.0 3.0 1.0 2.0 3.0 100
2.0 1.0 5.0 3.0 1.0 2.0 150
1.0 5.0 3.0, 1.0 2.0 50
2.0 1.0 2.0 -3.0 1.0 2.0 5.0 50
2.0 1.0 -3.0, 1.0 2.0 5.0 500
2.0 1.0 -3.0, 1.0 5.0 500
3.0 0.0 0.0 6.0 0.0 0.0 18.0 500
1.0 18.4 41.6 2.0 22.3 16.8 18.0 100
4.0 12.4    6.3 3.5 13.1 6.3 3.5 150
4.0 12.4x 6.3 3.5 13.1 6.3 3.5
4.0 -7.18 6.3 3.5  13.1 6.3 3.5 100
4.0 6.3 3.5, 13.1 6.3 3.5 20
13.2 12.1 13.3, 1.2 20
-2.0 1.0 5.0 3.0 1.0 2.0 3.0 150
